[gd_scene load_steps=9 format=3 uid="uid://bg6808ba8iskc"]

[ext_resource type="PackedScene" uid="uid://ct2bgx08womri" path="res://Entities/CameraRaycast.tscn" id="2_kxtyl"]
[ext_resource type="PackedScene" uid="uid://cjsb766rv0x3k" path="res://Entities/Door.tscn" id="3_venua"]
[ext_resource type="PackedScene" uid="uid://ysgoi8y28ler" path="res://Entities/Pond.tscn" id="4_1ichy"]
[ext_resource type="PackedScene" uid="uid://cqbhr815g1mfu" path="res://Entities/Greenhouse.tscn" id="5_kuwxm"]
[ext_resource type="PackedScene" uid="uid://dx2kuoawyf23e" path="res://Assets/Models/Modelado_Escenario_Jardin_003.glb" id="6_5fqfi"]
[ext_resource type="PackedScene" uid="uid://cjc3jyqdvifnh" path="res://Entities/Dirt.tscn" id="6_ki685"]
[ext_resource type="PackedScene" uid="uid://dua1thmvoqyf1" path="res://Entities/Stairs.tscn" id="7_bfngb"]

[sub_resource type="Environment" id="Environment_8us5s"]
background_mode = 1
background_color = Color(0.614191, 0.73707, 0.813899, 1)
ambient_light_source = 2
ambient_light_color = Color(0.614191, 0.73707, 0.813899, 1)

[node name="Garden" type="Node3D"]

[node name="WorldEnvironment" type="WorldEnvironment" parent="."]
environment = SubResource("Environment_8us5s")

[node name="DirectionalLight3D" type="DirectionalLight3D" parent="."]
transform = Transform3D(0.768118, 0.413962, -0.488499, -0.0148782, 0.774244, 0.632713, 0.640136, -0.47873, 0.600869, -19.9402, 16.5808, -1.90735e-06)

[node name="CameraRaycast" parent="." instance=ExtResource("2_kxtyl")]
transform = Transform3D(1, 0, 0, 0, 0.903335, 0.428935, 0, -0.428935, 0.903335, 2.0031, 8.89021, 7.81377)
size = 10.0

[node name="Door" parent="." instance=ExtResource("3_venua")]
transform = Transform3D(0.763492, 0, 0.645818, 0, 1, 0, -0.645818, 0, 0.763492, -3.49259, 0.557214, -9.73978)

[node name="Pond" parent="." instance=ExtResource("4_1ichy")]
transform = Transform3D(0.763492, 0, 0.645818, 0, 1, 0, -0.645818, 0, 0.763492, 3.39802, 2.24276, -12.9296)

[node name="Greenhouse" parent="." instance=ExtResource("5_kuwxm")]
transform = Transform3D(0.629375, 0, 0.777102, 0, 1, 0, -0.777102, 0, 0.629375, 6.42822, 3.21907, -11.614)

[node name="Dirt" parent="." instance=ExtResource("6_ki685")]
transform = Transform3D(0.24967, 0, 0.968331, 0, 1, 0, -0.968331, 0, 0.24967, -1.52326, 0.233914, -6.21818)

[node name="Modelado_Escenario_Jardin_003" parent="." instance=ExtResource("6_5fqfi")]
transform = Transform3D(0.763492, 0, 0.645818, 0, 1, 0, -0.645818, 0, 0.763492, 0, -0.928725, -8.52392)

[node name="Stairs" parent="." instance=ExtResource("7_bfngb")]
transform = Transform3D(0.461547, 0, 0.887116, 0, 1, 0, -0.887116, 0, 0.461547, 3.29854, -0.515967, -5.3562)
